00000110011000000000010000010011
00000000000001000000001100010011
00000000000000000000001010010011
00000000000100000000100010010011
00111011100110101101011010110111
10100000000001101000011010010011
00000000000000000000011100010011
00000000110101000100100001100011
01000000110101000000010000110011
00000000000101110000011100010011
11111111010111111111000001101111
00000101111101011110011010110111
00010000000001101000011010010011
00000000111000101010001000100011
00000000000100101000001010010011
00000000000000000000011100010011
00000000110101000100100001100011
01000000110101000000010000110011
00000000000101110000011100010011
11111111010111111111000001101111
00000000100110001001011010110111
01101000000001101000011010010011
00000000111000101010001000100011
00000000000100101000001010010011
00000000000000000000011100010011
00000000110101000100100001100011
01000000110101000000010000110011
00000000000101110000011100010011
11111111010111111111000001101111
00000000000011110100011010110111
00100100000001101000011010010011
00000000111000101010001000100011
00000000000100101000001010010011
00000000000000000000011100010011
00000000110101000100100001100011
01000000110101000000010000110011
00000000000101110000011100010011
11111111010111111111000001101111
00000000000000011000011010110111
01101010000001101000011010010011
00000000111000101010001000100011
00000000000100101000001010010011
00000000000000000000011100010011
00000000110101000100100001100011
01000000110101000000010000110011
00000000000101110000011100010011
11111111010111111111000001101111
00000000000000000010011010110111
01110001000001101000011010010011
00000000111000101010001000100011
00000000000100101000001010010011
00000000000000000000011100010011
00000000110101000100100001100011
01000000110101000000010000110011
00000000000101110000011100010011
11111111010111111111000001101111
00111110100000000000011010010011
00000000111000101010001000100011
00000000000100101000001010010011
00000000000000000000011100010011
00000000110101000100100001100011
01000000110101000000010000110011
00000000000101110000011100010011
11111111010111111111000001101111
00000110010000000000011010010011
00000000111000101010001000100011
00000000000100101000001010010011
00000000000000000000011100010011
00000000110101000100100001100011
01000000110101000000010000110011
00000000000101110000011100010011
11111111010111111111000001101111
00000000101000000000011010010011
00000000111000101010001000100011
00000000000100101000001010010011
00000000000000000000011100010011
00000000110101000100100001100011
01000000110101000000010000110011
00000000000101110000011100010011
11111111010111111111000001101111
00000000111000101010001000100011
00000000000100101000001010010011
00000000000000000000011100010011
00000000100000101010001000100011
00111011100110101101001110110111
10100000000000111000001110010011
00000000000100000000111010010011
00000010011100110100000001100011
00000000010000101010111000000011
00000000000000101010001000100011
01000001110100101000001010110011
00000000000011100000100001100011
00000000011101110000011100110011
01000001110111100000111000110011
11111111010111111111000001101111
00000101111101011110001110110111
00010000000000111000001110010011
00000010011100110100000001100011
00000000010000101010111000000011
00000000000000101010001000100011
01000001110100101000001010110011
00000000000011100000100001100011
00000000011101110000011100110011
01000001110111100000111000110011
11111111010111111111000001101111
00000000100110001001001110110111
01101000000000111000001110010011
00000010011100110100000001100011
00000000010000101010111000000011
00000000000000101010001000100011
01000001110100101000001010110011
00000000000011100000100001100011
00000000011101110000011100110011
01000001110111100000111000110011
11111111010111111111000001101111
00000000000011110100001110110111
00100100000000111000001110010011
00000010011100110100000001100011
00000000010000101010111000000011
00000000000000101010001000100011
01000001110100101000001010110011
00000000000011100000100001100011
00000000011101110000011100110011
01000001110111100000111000110011
11111111010111111111000001101111
00000000000000011000001110110111
01101010000000111000001110010011
00000010011100110100000001100011
00000000010000101010111000000011
00000000000000101010001000100011
01000001110100101000001010110011
00000000000011100000100001100011
00000000011101110000011100110011
01000001110111100000111000110011
11111111010111111111000001101111
00000000000000000010001110110111
01110001000000111000001110010011
00000010011100110100000001100011
00000000010000101010111000000011
00000000000000101010001000100011
01000001110100101000001010110011
00000000000011100000100001100011
00000000011101110000011100110011
01000001110111100000111000110011
11111111010111111111000001101111
00111110100000000000001110010011
00000010011100110100000001100011
00000000010000101010111000000011
00000000000000101010001000100011
01000001110100101000001010110011
00000000000011100000100001100011
00000000011101110000011100110011
01000001110111100000111000110011
11111111010111111111000001101111
00000110010000000000001110010011
00000010011100110100000001100011
00000000010000101010111000000011
00000000000000101010001000100011
01000001110100101000001010110011
00000000000011100000100001100011
00000000011101110000011100110011
01000001110111100000111000110011
11111111010111111111000001101111
00000000101000000000001110010011
00000010011100110100000001100011
00000000010000101010111000000011
00000000000000101010001000100011
01000001110100101000001010110011
00000000000011100000100001100011
00000000011101110000011100110011
01000001110111100000111000110011
11111111010111111111000001101111
00000000000100000000001110010011
00000000010000101010111000000011
00000000000000101010001000100011
01000001110100101000001010110011
00000000000011100000100001100011
00000000011101110000011100110011
01000001110111100000111000110011
11111111010111111111000001101111
00000000000001110000010100010011
00000000000000000000000001110011
00000000101000000000100010010011
00000000000000000000000001110011
00000000000000000000000001101111
